function colors = sampleColors()
% Define colors
   colors =  [1.0000    1.0000         0
                   0    1.0000         0
              1.0000         0         0
                   0         0    1.0000
                   0    1.0000    1.0000
              0.6000    0.6000    0.6000
              1.0000         0    1.0000
              1.0000    0.5000         0
                   0    0.2000    0.6000
                   0    0.3000         0
              1.0000    1.0000    1.0000
              1.0000    0.2000    0.6000
                   0         0         0
              0.3000         0    0.7000
              0.5000    0.5000         0
              1.0000    0.6000    0.8000];